Subj	pep1	pep2	DRB1_al1	DRB1_al2	DQB_al1	DQB_al2	DRB1_al1_cl	DRB1_al2_cl	DQB_al1_cl	DQB_al2_cl	DRB1_01	DRB1_04	DRB1_07	DRB1_08	DRB1_09	DRB1_11	DRB1_12	DRB1_14	DRB1_1501	DRB1_1502	DRB1_16	DRB1_03	DQB1_02	DQB1_03	DQB1_04	DQB1_05	DQB1_06
CIU180	FALSE	FALSE	11	1202	502	301	11	12	5	3	0	0	0	0	0	1	1	0	0	0	0	0	0	1	0	1	0
CIU221	FALSE	TRUE	1202	7	301	303	12	7	3	3	0	0	1	0	0	0	1	0	0	0	0	0	0	2	0	0	0
CIU673	FALSE	TRUE	1501	1101	601	301	1501	11	6	3	0	0	0	0	0	1	0	0	1	0	0	0	0	1	0	0	1
CIU688	TRUE	TRUE	1501	1	602	501	1501	1	6	5	1	0	0	0	0	0	0	0	1	0	0	0	0	0	0	1	1
CIU695	FALSE	FALSE	1101	14	503	301	11	14	5	3	0	0	0	0	0	1	0	1	0	0	0	0	0	1	0	1	0
CIU017	TRUE	FALSE	1502	1202	501	502	1502	12	5	5	0	0	0	0	0	0	1	0	0	1	0	0	0	0	0	2	0
CIU419	TRUE	TRUE	1501	1202	502	502	1501	12	5	5	0	0	0	0	0	0	1	0	1	0	0	0	0	0	0	2	0
CIU677	FALSE	FALSE	1501	1202	602	301	1501	12	6	3	0	0	0	0	0	0	1	0	1	0	0	0	0	1	0	0	1
CIU661	TRUE	TRUE	1202	9	502	0303/0315	12	9	5	3	0	0	0	0	1	0	1	0	0	0	0	0	0	1	0	1	0
CIU679	TRUE	TRUE	1501	3	602	201	1501	3	6	2	0	0	0	0	0	0	0	0	1	0	0	1	1	0	0	0	1
CIU692	FALSE	TRUE	1202	9	301	303	12	9	3	3	0	0	0	0	1	0	1	0	0	0	0	0	0	2	0	0	0
CIU683	FALSE	TRUE	1501	1404	503	603	1501	14	5	6	0	0	0	0	0	0	0	1	1	0	0	0	0	0	0	1	1
CIU684	TRUE	TRUE	1202	8	502	301	12	8	5	3	0	0	0	1	0	0	1	0	0	0	0	0	0	1	0	1	0
CIU703	TRUE	TRUE	1202	1202	502	502	12	12	5	5	0	0	0	0	0	0	2	0	0	0	0	0	0	0	0	2	0
CIU670	TRUE	TRUE	7	9	201	303	7	9	2	3	0	0	1	0	1	0	0	0	0	0	0	0	1	1	0	0	0
CIU671	TRUE	TRUE	1502	1502	501	501	1502	1502	5	5	0	0	0	0	0	0	0	0	0	2	0	0	0	0	0	2	0
CIU704	TRUE	TRUE	8	1202	301	601	8	12	3	6	0	0	0	1	0	0	1	0	0	0	0	0	0	1	0	0	1
CIU707	TRUE	TRUE	1101	1202	301	301	11	12	3	3	0	0	0	0	0	1	1	0	0	0	0	0	0	2	0	0	0
CIU708	FALSE	TRUE	1202	1202	502	301	12	12	5	3	0	0	0	0	0	0	2	0	0	0	0	0	0	1	0	1	0
CIU712	FALSE	FALSE	8	9	303	601	8	9	3	6	0	0	0	1	1	0	0	0	0	0	0	0	0	1	0	0	1
CIU269	TRUE	TRUE	1501	1602	502	601	1501	16	5	6	0	0	0	0	0	0	0	0	1	0	1	0	0	0	0	1	1
CIU666	TRUE	TRUE	1202	1501	601	301	12	1501	6	3	0	0	0	0	0	0	1	0	1	0	0	0	0	1	0	0	1
CIU668	TRUE	TRUE	1502	1401	501	502	1502	14	5	5	0	0	0	0	0	0	0	1	0	1	0	0	0	0	0	2	0
CIU669	TRUE	TRUE	1401	4	502	302	14	4	5	3	0	1	0	0	0	0	0	1	0	0	0	0	0	1	0	1	0
CIU711	FALSE	FALSE	16	4	502	402	16	4	5	4	0	1	0	0	0	0	0	0	0	0	1	0	0	0	1	1	0
CIU754	FALSE	FALSE	1502	1502	501	501	1502	1502	5	5	0	0	0	0	0	0	0	0	0	2	0	0	0	0	0	2	0
CIU755	FALSE	FALSE	1601	301	502	201	16	3	5	2	0	0	0	0	0	0	0	0	0	0	1	1	1	0	0	1	0
CIU759	FALSE	TRUE	1401	7	502	201	14	7	5	2	0	0	1	0	0	0	0	1	0	0	0	0	1	0	0	1	0
CIU762	FALSE	TRUE	1501	1601	502	602	1501	16	5	6	0	0	0	0	0	0	0	0	1	0	1	0	0	0	0	1	1
CIU764	TRUE	TRUE	4	7	302	0604/0617	4	7	3	6	0	1	1	0	0	0	0	0	0	0	0	0	0	1	0	0	1
CIU761	FALSE	TRUE	1202	1601	502	502	12	16	5	5	0	0	0	0	0	0	1	0	0	0	1	0	0	0	0	2	0
CIU763	TRUE	TRUE	1401	7	502	201	14	7	5	2	0	0	1	0	0	0	0	1	0	0	0	0	1	0	0	1	0
EP017	TRUE	TRUE	1502	1202	501	502	1502	12	5	5	0	0	0	0	0	0	1	0	0	1	0	0	0	0	0	2	0
CIU267	TRUE	TRUE	14	14	502	601	14	14	5	6	0	0	0	0	0	0	0	2	0	0	0	0	0	0	0	1	1
CIU709	TRUE	TRUE	4	9	401	303	4	9	4	3	0	1	0	0	1	0	0	0	0	0	0	0	0	1	1	0	0
CIU753	FALSE	FALSE	9	9	303	303	9	9	3	3	0	0	0	0	2	0	0	0	0	0	0	0	0	2	0	0	0
CIU758	FALSE	TRUE	8	8	601	601	8	8	6	6	0	0	0	2	0	0	0	0	0	0	0	0	0	0	0	0	2
CIU770	TRUE	TRUE	101	9	501	303	1	9	5	3	1	0	0	0	1	0	0	0	0	0	0	0	0	1	0	1	0
